Original  predicted  err
8744       8739      0.04705653087038626
8709       8714      0.049391312135046474
8697       8686      0.12912508533999606
8708       8721      0.14759118921492217
8573       8588      0.17367567409766804
8583       8588      0.0545040532240422
8520       8542      0.2570309128018649
8678       8696      0.21113551707715675
8659       8663      0.050383142572391154
8699       8720      0.23959087396194784
8693       8675      0.2038678087425875
8709       8720      0.13204466329358133
8691       8687      0.05002651480258796
8615       8627      0.14371118498981134
8615       8600      0.17789849528842178
8638       8636      0.019353402442552244
8625       8641      0.17850764797289695
8626       8654      0.3300323791692293
8514       8537      0.27659838912953955
8485       8538      0.6274136207955989
8433       8426      0.08529080547746196
8497       8508      0.13227483682857402
8543       8528      0.18174535216803706
8432       8414      0.20730726250989578
8525       8584      0.6866402055325096
8296       8310      0.1686794174595887
8108       8113      0.055734420753672555
8111       8101      0.12592842843511265
8080       8103      0.2836503605013959
8074       8077      0.03968629656133034
7929       7942      0.1667384365297136
8002       7972      0.3803570477848234
8033       7985      0.6021821152308521
7965       7972      0.08891645715254043
8114       8081      0.40501903524702354
8127       8124      0.02850401542154371
8142       8187      0.5593787677640316
8224       8199      0.30562022950749596
8193       8193      5.892673879695107E-4
8087       8078      0.10029146388156993
8129       8103      0.3097062281605819
8143       8151      0.0945684757430378
8102       8101      0.005490457611131885
8247       8249      0.03430440204621818
8261       8246      0.18494946120854336
8171       8155      0.19211646901239834
8222       8187      0.4252801954751709
8182       8166      0.20355927751772052
8153       8212      0.7213564149692385
8139       8128      0.139536031767096
8104       8097      0.08577823530425369
8082       8074      0.09916120243647009
8061       8059      0.023119522061075988
7979       7975      0.04567058565221346
7986       7989      0.046621998888553916
7908       7911      0.038112101920335505
8033       8020      0.1512485895530316
8035       8074      0.4874778323746273
8103       8091      0.14648687515335254
8186       8183      0.028943560225895417
